0	file:/C:/mallet-2.0.8/federalist_papers/FP-11.txt	0.18551734186265578	9.054763395326755E-5	3.012003374643822E-4	6.873958207717602E-5	0.32827124309859806	0.020711004625998407	0.2602749559519654	0.004166445368871406	1.2754267820273217E-4	0.005148598441798458	1.2680728456957992E-4	8.485285328494927E-5	1.559851160481446E-4	1.3738032315548652E-4	5.468285452390372E-5	1.7846274128257018E-4	0.19319692616039133	0.0011981410307846901	4.71167623446678E-5	1.420252920295504E-4
1	file:/C:/mallet-2.0.8/federalist_papers/FP-12.txt	0.20288065310473616	1.0067689803186115E-4	0.010504593693922731	7.642925158164073E-5	1.4660397799761195E-5	0.01285817708397423	0.25436209023999773	0.010282364638109375	1.4181045542011728E-4	7.472228890123256E-5	0.14138681323660812	9.434506110110273E-5	0.002433367781690792	1.527486051490574E-4	0.08706822543602523	0.06234658777138449	0.21480922676739722	2.022065382721781E-4	5.2387558581748853E-5	1.5791319131523658E-4
2	file:/C:/mallet-2.0.8/federalist_papers/FP-13.txt	0.1439897048817737	2.4888751855324016E-4	0.13491288380102948	1.889439101015597E-4	3.624257501687443E-5	0.015026608614853668	0.27125909230464523	2.7852520079126475E-4	3.5057548498612005E-4	1.847240571452705E-4	3.4855411470261177E-4	2.3323432291066584E-4	4.287549742547517E-4	0.036692297399803384	1.503063015085121E-4	4.905390333551054E-4	0.39416034919694865	4.998831363464967E-4	1.2950944768230397E-4	3.9038372359102906E-4
3	file:/C:/mallet-2.0.8/federalist_papers/FP-15.txt	0.1532794702104454	0.0789788402831059	0.027655211945545953	0.08311390336920031	1.077606469808117E-5	0.025232317452653655	8.792136851014888E-5	8.28143580409304E-5	0.020868668279133248	5.492430905261731E-5	0.09229771021506367	0.09060226750358999	1.2748242474609317E-4	0.025029594539014544	0.049879325439493714	1.4585278109813197E-4	0.3456050897333732	0.005132094540533732	3.850725801319244E-5	0.0017772279246875725
4	file:/C:/mallet-2.0.8/federalist_papers/FP-24.txt	0.05943746383415188	1.2746715111062873E-4	0.00614661903893692	9.676717450656996E-5	1.8561548659283253E-5	0.057768666471210546	0.09886643977261926	1.4264601963068655E-4	1.795464014433839E-4	0.038722213521510784	0.0202076409942469	1.1945040416431916E-4	0.0016502379719812738	0.40649860038645197	7.697901509338589E-5	0.015988401840146774	0.2905687181800034	2.5601396023683566E-4	6.632795583295992E-5	0.003061238358062138
5	file:/C:/mallet-2.0.8/federalist_papers/FP-26.txt	0.1331270803496809	9.921940805563565E-5	0.10055477933967155	7.532279250067654E-5	1.4448160600777688E-5	0.06835243766210464	1.1788181382216315E-4	0.02238319739654816	0.003480581910652554	7.364054135831853E-5	1.3895165630313223E-4	9.297923653211648E-5	0.016875046016702453	0.28857504656077215	5.991984792727291E-5	1.955541716217719E-4	0.3520140799487701	1.9927921325104276E-4	0.011187710588317749	0.0023828433848068075
6	file:/C:/mallet-2.0.8/federalist_papers/FP-29.txt	0.07619555143136021	0.02408816822689468	3.5537423323577243E-4	0.0012801698187400678	1.5556916361059958E-5	0.001653818169630025	1.26928096163516E-4	0.03009622370475599	0.007344882913978642	0.39936851440112	0.020533749334454905	1.00114488343069E-4	0.0025821740700704785	0.061314493020644865	6.451811329684705E-5	0.006205894725395171	0.35144920094906273	2.1457195408510572E-4	5.55911837010092E-5	0.01695450424870587
7	file:/C:/mallet-2.0.8/federalist_papers/FP-30.txt	0.10123700022992287	0.051031356307539286	0.018664115915282956	0.056225396884850745	1.6937980664503264E-5	0.013550260077376287	0.06280285906542338	1.3016885426553733E-4	1.63841580885989E-4	8.633085554043562E-5	0.010607007381953667	0.019691709313218793	2.0037879373513887E-4	0.011926103339732663	0.2611730079350688	0.04331120936429124	0.34870572329061184	2.336205662540809E-4	6.0526287651802195E-5	1.8244597573000717E-4
8	file:/C:/mallet-2.0.8/federalist_papers/FP-31.txt	0.03335343050653525	0.05122294487913824	0.03606350936166915	1.047064990325231E-4	2.0084442752882266E-5	0.036191808291320085	1.6386795570293722E-4	1.5434950325473936E-4	1.9427740041896426E-4	1.0236799535041138E-4	0.08223879476988555	1.2925078872915325E-4	2.3760190139424895E-4	2.09262440051172E-4	0.22299974399007613	0.049808829301600174	0.48624004349237887	2.770187888252399E-4	7.176987525642312E-5	2.1633781662783232E-4
9	file:/C:/mallet-2.0.8/federalist_papers/FP-32.txt	9.490971151669829E-4	1.5495658282186383E-4	0.005733007370142386	1.1763588156019234E-4	2.2564512716127136E-5	6.595937329323472E-4	1.841027214804878E-4	1.7340891015856852E-4	2.1826718949325783E-4	1.1500861444001557E-4	2.1700869074020327E-4	1.4521095266284667E-4	2.6694149254487634E-4	2.351026138808275E-4	0.0018327652929051	0.5551054435960739	0.4245390499006049	3.112256615711297E-4	8.063217300992901E-5	0.008938976995094003
10	file:/C:/mallet-2.0.8/federalist_papers/FP-59.txt	0.04970735464916041	0.044733676528025325	0.0104986551249828	9.732412235873726E-5	1.8668380492613103E-5	0.11133995026341373	1.5231437512350652E-4	1.4346702525225844E-4	0.007375011358875641	9.51504958828534E-5	1.7953859052522226E-4	1.2013790637133375E-4	0.18295941155514078	1.9450830186101598E-4	7.742207129851777E-5	2.526743565237294E-4	0.5339740003392363	2.5748746017114515E-4	0.057622162269330084	2.010848259740717E-4
11	file:/C:/mallet-2.0.8/federalist_papers/FP-65.txt	0.06495476348353982	1.2172053939175547E-4	0.0017710487425015898	9.240461227640696E-5	1.7724736883727856E-5	0.038770429958443625	0.011073846650718214	1.3621509777420854E-4	0.17230684670217428	9.034085760932212E-5	0.001536617255584043	1.140652120860945E-4	0.2037666213621827	0.002916984209539788	7.350856402902467E-5	2.3990225014004196E-4	0.34441052795571475	0.06308755270574584	6.333768732097454E-5	0.09445554141634377
12	file:/C:/mallet-2.0.8/federalist_papers/FP-67.txt	0.01622462575059575	0.006291093633908208	0.0019944795614974527	0.0016425664218477467	1.996084274766002E-5	0.01135301466777273	1.6285950949261182E-4	1.5339963376405613E-4	1.9308181396422418E-4	0.0031787465977637743	1.9196853064080925E-4	1.284553771581944E-4	0.0033131482720300666	0.009439000365843681	8.278220979047104E-5	0.0018086719710787883	0.3463208322557806	0.10335510133367344	0.4939312047806564	2.1500646999332676E-4
13	file:/C:/mallet-2.0.8/federalist_papers/FP-68.txt	0.0027751594656587127	1.5996431879540914E-4	0.018486013598453314	1.214375234468484E-4	2.3293730668642068E-5	0.004271690548977097	1.900523739857013E-4	1.7901297048127603E-4	2.2532093601222012E-4	0.03602653243069458	0.023564096368210437	1.4990373884953275E-4	0.40603378824986364	0.00203809078524514	9.660446321788241E-5	3.1527793265543957E-4	0.3700340561204466	0.1349755600988414	8.323796507151012E-5	2.509063804246012E-4
14	file:/C:/mallet-2.0.8/federalist_papers/FP-69.txt	0.0024596696852179877	8.608578862131975E-5	0.019610367035438874	0.0029639536620659095	1.2535665388650558E-5	0.0032650371538754945	0.017493885703281992	9.633693847085574E-5	0.01751286569831123	6.389278268801046E-5	0.002052959571909871	8.06716252306933E-5	0.0194723074715425	0.007860214224917514	5.1988290032897985E-5	1.696687715855905E-4	0.35759298990979704	0.5393127438167838	4.479502629320399E-5	0.009797031178546684
15	file:/C:/mallet-2.0.8/federalist_papers/FP-73.txt	0.06762272039583339	1.046993271547551E-4	0.0026985010934812074	7.948289401017173E-5	1.524613705291446E-5	0.42936193811920403	1.2439246345878155E-4	0.036545672215642935	1.4747632829625827E-4	7.77077316083618E-5	0.06125250573518048	0.004798566796320589	1.8036403584908674E-4	1.588514991579546E-4	6.322923996566198E-5	0.00490680697732235	0.3162256138730794	0.05896593905840199	0.005930046002103481	0.010740240076876231
16	file:/C:/mallet-2.0.8/federalist_papers/FP-74.txt	0.024667078087783356	0.0028143360907135462	7.658644044579079E-4	1.7478466170857906E-4	0.0026176265248954904	0.15861012712215086	2.73541809410683E-4	2.576528291991424E-4	3.2430374450112645E-4	0.17072147632143717	3.224338534789662E-4	2.1575599979305025E-4	0.07533552247574732	0.0029334179281608934	1.390425129220193E-4	4.5377857880542357E-4	0.2948517089519819	0.26404061515287414	1.1980415240189082E-4	3.611287975765788E-4
17	file:/C:/mallet-2.0.8/federalist_papers/FP-79.txt	0.07694637049746687	2.4016596797596796E-4	0.049318777508552826	1.8232291167706127E-4	3.4972557729958385E-5	0.265186102701479	2.853393350975004E-4	0.01644205918362455	0.0865958591101404	1.7825093138711093E-4	3.3634003358690937E-4	0.01100725736118862	0.054324710820741536	3.6438366030102173E-4	1.450392474661504E-4	4.733494972369348E-4	0.32104604978320694	0.11639097388771434	1.249711598454465E-4	3.767038435808361E-4
18	file:/C:/mallet-2.0.8/federalist_papers/FP-80.txt	0.01136413680053455	9.601182166015181E-5	3.193765736555088E-4	7.288774104018459E-5	1.3981077352741844E-5	0.010107151974235291	1.1407090515317667E-4	1.0744496976656746E-4	0.00875609680892888	7.125987407511364E-5	0.002289673957228486	0.35354512842382924	0.004475826914186655	1.4567067642238054E-4	5.7982746176744336E-5	1.892322542392132E-4	0.42360984580837036	0.0012704440519205737	4.996007058312266E-5	0.18334381655064105
19	file:/C:/mallet-2.0.8/federalist_papers/FP-81.txt	0.008929448382303817	6.341521833591859E-5	0.0037697108740548575	4.8141905154514606E-5	9.234415695535808E-6	0.0728687335167041	7.534313203294679E-5	0.002917978429872848	0.2655731646274627	4.70667090252587E-5	8.880973788575377E-5	5.94268671920007E-5	1.0924449109793361E-4	9.621458681582529E-5	3.829724761946129E-5	1.2498674133331497E-4	0.3936721681105326	1.273675691658912E-4	3.299831967901876E-5	0.2513482491180357
20	file:/C:/mallet-2.0.8/federalist_papers/FP-83.txt	0.034167302200020594	4.2549190493475454E-5	0.14531948441166312	3.2301380439749264E-5	6.195940388377457E-6	0.03170001290750004	5.055236521087803E-5	4.761597485719616E-5	5.993351205285971E-5	3.1579964884902165E-5	5.9587943621984604E-5	0.008158376803425337	7.329888288748456E-5	6.455631455831178E-5	2.5695991074326932E-5	0.010590160165583262	0.34675670909206374	5.630178142834524E-4	2.2140612724058216E-5	0.4222289285322669
21	file:/C:/mallet-2.0.8/federalist_papers/FP-84.txt	0.07476986957474785	6.252516890278698E-5	0.017752067591777495	4.7466220728645786E-5	9.104808218485493E-6	0.0016696734314658745	7.428567116289093E-5	0.3397233984943728	0.002193360917064804	4.6406115262648034E-5	8.756326962567353E-5	5.859279532652439E-5	0.03519587524344161	9.486418953420129E-5	3.7759735576947425E-5	0.0015267590803325452	0.44990204335631223	0.05205606269263573	3.253517949760318E-5	0.024659786464012755
22	file:/C:/mallet-2.0.8/federalist_papers/FP-85.txt	0.16908504325214205	9.045570573570313E-5	0.07238343455280428	0.2376364777084121	1.3172005249147356E-5	0.00850701333139754	1.0746972665579081E-4	0.014314685821208359	1.274131908759112E-4	0.0020976302153556193	0.008248654882788878	0.004145754876146569	0.026552249854175123	0.025518416907375937	5.462733791758012E-5	1.7828155751231027E-4	0.42041612104282994	1.8167757927935838E-4	0.010199539350865936	1.4188110127187604E-4
23	file:/C:/mallet-2.0.8/federalist_papers/FP-9.txt	0.079779533960863	0.37129566752210685	0.13175861662046634	8.627559373467095E-5	1.6549089496313867E-5	4.837541078254082E-4	0.010339339900691814	0.006504878160997615	0.0027111590037623983	8.434872390816442E-5	0.016741171487066588	1.0649948800998988E-4	0.010400094868164674	0.06012278782578243	6.863288368351757E-5	0.005326148356597782	0.29860673365463225	2.2825670519394773E-4	5.913662148218581E-5	0.005280415425534108
